0 0.21953125 0.41484375 0.04296875 0.06640625
1 0.0484375 0.4296875 0.02578125 0.06328125
1 0.0734375 0.4296875 0.03671875 0.0703125
0 0.465625 0.19453125 0.03046875 0.03984375
0 0.45078125 0.453125 0.02734375 0.0546875
0 0.4734375 0.4265625 0.0296875 0.0578125
0 0.6421875 0.2375 0.0390625 0.06328125
0 0.67734375 0.14453125 0.0265625 0.06640625
0 0.61875 0.08203125 0.0359375 0.04609375
0 0.56484375 0.07890625 0.03203125 0.04296875
0 0.803125 0.4 0.0234375 0.05546875
0 0.8171875 0.390625 0.02578125 0.05234375
0 0.828125 0.4375 0.03125 0.05703125
0 0.7734375 0.70859375 0.03828125 0.0765625
1 0.7578125 0.7515625 0.03984375 0.065625