0 0.03671875 0.75234375 0.021875 0.06640625
0 0.00703125 0.73359375 0.0140625 0.053125
0 0.11953125 0.5625 0.02265625 0.0453125
0 0.1484375 0.50234375 0.0171875 0.03671875
0 0.3765625 0.67265625 0.03359375 0.0515625
0 0.51875 0.57421875 0.02265625 0.0265625
0 0.5421875 0.56328125 0.040625 0.046875
0 0.5484375 0.8078125 0.028125 0.0765625
0 0.52265625 0.7984375 0.01796875 0.0765625
0 0.61328125 0.71796875 0.0328125 0.03828125
0 0.63828125 0.69921875 0.03515625 0.04921875
0 0.77890625 0.528125 0.02578125 0.04765625
0 0.565625 0.1265625 0.0171875 0.025