0 0.36484375 0.7875 0.06484375 0.0890625
0 0.6703125 0.7421875 0.03046875 0.05703125
0 0.834375 0.665625 0.0296875 0.059375
0 0.85859375 0.5296875 0.0296875 0.059375
0 0.88828125 0.5328125 0.028125 0.059375
0 0.82578125 0.38203125 0.0265625 0.0640625
0 0.5171875 0.25 0.021875 0.0328125
0 0.51875 0.22421875 0.02109375 0.04140625
0 0.55546875 0.14140625 0.028125 0.03359375
0 0.54609375 0.184375 0.03125 0.05390625
0 0.24140625 0.38984375 0.025 0.0453125
0 0.090625 0.47109375 0.025 0.0640625
0 0.06328125 0.48359375 0.02578125 0.04765625
0 0.0875 0.55 0.03046875 0.06328125
0 0.16796875 0.7609375 0.028125 0.05234375
0 0.1359375 0.76015625 0.03828125 0.05703125
1 0.67421875 0.778125 0.02421875 0.06328125
1 0.159375 0.240625 0.02265625 0.03671875