0 0.7328125 0.6453125 0.0234375 0.05
0 0.9609375 0.62265625 0.0234375 0.0484375
0 0.9875 0.61171875 0.0234375 0.05703125
0 0.47421875 0.44765625 0.02421875 0.0328125
0 0.43671875 0.36875 0.0328125 0.06015625
0 0.503125 0.18359375 0.0203125 0.04453125
0 0.51484375 0.1265625 0.0234375 0.0484375
0 0.040625 0.53359375 0.01640625 0.06328125
0 0.05625 0.55078125 0.02109375 0.053125
0 0.0171875 0.64375 0.034375 0.08125
0 0.39453125 0.56953125 0.03203125 0.06171875
0 0.471875 0.43125 0.03359375 0.0515625