0 0.01328125 0.5609375 0.02109375 0.05234375
0 0.0296875 0.559375 0.02734375 0.0671875
0 0.0484375 0.6921875 0.03203125 0.0546875
0 0.0296875 0.89765625 0.02890625 0.04609375
0 0.19296875 0.52890625 0.02265625 0.0578125
0 0.21171875 0.51015625 0.0234375 0.05
0 0.27109375 0.59296875 0.0171875 0.03359375
0 0.2921875 0.5984375 0.02109375 0.05546875
0 0.33125 0.74375 0.034375 0.0484375
0 0.390625 0.26640625 0.03046875 0.0375
0 0.44296875 0.165625 0.0296875 0.04140625
0 0.53359375 0.33515625 0.028125 0.0515625
0 0.6515625 0.465625 0.03359375 0.05703125
0 0.88359375 0.6703125 0.02734375 0.05546875
1 0.91484375 0.6921875 0.0296875 0.07421875