0 0.0515625 0.48125 0.02265625 0.0375
0 0.0734375 0.47109375 0.0234375 0.03984375
0 0.16484375 0.56953125 0.0265625 0.05
0 0.3359375 0.49296875 0.0265625 0.04296875
0 0.3640625 0.49375 0.0234375 0.05859375
0 0.39140625 0.60078125 0.0296875 0.05859375
1 0.353125 0.68828125 0.03828125 0.0609375
0 0.5921875 0.54765625 0.03515625 0.06015625
0 0.4046875 0.23984375 0.02421875 0.0296875
0 0.40859375 0.22578125 0.025 0.0390625
0 0.496875 0.09609375 0.021875 0.03203125
0 0.615625 0.1125 0.015625 0.0421875
0 0.753125 0.27578125 0.0234375 0.0453125
0 0.834375 0.609375 0.028125 0.0453125
0 0.8828125 0.61953125 0.03515625 0.0484375
0 0.853125 0.63203125 0.02578125 0.05234375
0 0.975 0.73359375 0.0296875 0.05859375