0 0.31796875 0.75859375 0.0296875 0.0640625
0 0.13984375 0.721875 0.0359375 0.04921875
0 0.08203125 0.57734375 0.028125 0.03359375
0 0.05703125 0.4578125 0.02578125 0.04296875
0 0.2890625 0.334375 0.01640625 0.03359375
0 0.41171875 0.23515625 0.01796875 0.0296875
0 0.48203125 0.14765625 0.01953125 0.0265625
0 0.515625 0.12265625 0.0171875 0.0328125
0 0.63515625 0.57109375 0.01953125 0.046875
0 0.6578125 0.56953125 0.021875 0.03828125
0 0.72890625 0.67734375 0.02578125 0.059375
0 0.7546875 0.678125 0.02578125 0.0625
0 0.840625 0.55703125 0.0234375 0.05546875
0 0.95859375 0.690625 0.0265625 0.040625