0 0.459375 0.76484375 0.03125 0.07421875
0 0.703125 0.72421875 0.0234375 0.06015625
0 0.72421875 0.71484375 0.021875 0.05625
0 0.75078125 0.71484375 0.0296875 0.0625
0 0.85 0.81171875 0.03984375 0.0609375
0 0.6546875 0.93125 0.0359375 0.06640625
0 0.28671875 0.33984375 0.02578125 0.04296875
0 0.05546875 0.42265625 0.0265625 0.040625
0 0.5265625 0.20078125 0.0171875 0.02421875
0 0.4515625 0.128125 0.02265625 0.04375
0 0.60546875 0.1453125 0.0265625 0.03125
0 0.646875 0.0890625 0.03828125 0.0546875