0 0.76796875 0.67109375 0.0515625 0.0609375
0 0.73671875 0.671875 0.03046875 0.059375
0 0.63046875 0.56640625 0.034375 0.07421875
0 0.38125 0.603125 0.0328125 0.05234375
0 0.35703125 0.60078125 0.02734375 0.0390625
0 0.41015625 0.7609375 0.0296875 0.06328125
0 0.228125 0.91484375 0.03125 0.0890625
0 0.25390625 0.94140625 0.0234375 0.06875
0 0.08359375 0.76875 0.0328125 0.03984375
0 0.03203125 0.59296875 0.0234375 0.04375
0 0.01171875 0.60703125 0.0234375 0.03984375
0 0.11875 0.41171875 0.0265625 0.0359375
0 0.13359375 0.396875 0.034375 0.025