0 0.0875 0.50234375 0.02109375 0.04921875
0 0.1359375 0.54609375 0.0328125 0.05546875
0 0.25546875 0.7421875 0.02734375 0.06640625
0 0.396875 0.6375 0.0375 0.0828125
0 0.55234375 0.8265625 0.04765625 0.071875
0 0.64921875 0.57109375 0.040625 0.12734375
0 0.690625 0.640625 0.01875 0.07421875
0 0.72421875 0.63671875 0.03125 0.06640625
0 0.85546875 0.6046875 0.02265625 0.0609375
0 0.88046875 0.6109375 0.02265625 0.059375
0 0.85546875 0.7390625 0.02265625 0.06328125
0 0.8328125 0.75 0.04453125 0.0703125
0 0.69921875 0.328125 0.02265625 0.040625
1 0.49609375 0.1234375 0.015625 0.04140625
1 0.43671875 0.11796875 0.02421875 0.03046875
1 0.15546875 0.23984375 0.03515625 0.04765625