0 0.45546875 0.5265625 0.02265625 0.06796875
0 0.47265625 0.5 0.02421875 0.04140625
0 0.59921875 0.5796875 0.0296875 0.0515625
0 0.62421875 0.5671875 0.0203125 0.05703125
0 0.7265625 0.51796875 0.0328125 0.06484375
0 0.8296875 0.6421875 0.02734375 0.0703125
0 0.63828125 0.83984375 0.03515625 0.0875
0 0.49609375 0.8265625 0.03828125 0.06875
0 0.47109375 0.86953125 0.04609375 0.07890625
0 0.359375 0.846875 0.04140625 0.09375
0 0.153125 0.85 0.03828125 0.08828125
0 0.12109375 0.8734375 0.04921875 0.08828125
0 0.8109375 0.84765625 0.02578125 0.059375
0 0.81171875 0.81484375 0.0359375 0.06328125
0 0.93828125 0.7671875 0.03125 0.0484375