0 0.27421875 0.6375 0.0234375 0.0484375
0 0.47890625 0.44609375 0.02265625 0.03671875
0 0.48359375 0.4671875 0.01875 0.04375
0 0.62109375 0.659375 0.02734375 0.0484375
0 0.70078125 0.8375 0.02890625 0.06328125
0 0.74140625 0.82734375 0.0328125 0.08515625
0 0.23515625 0.3859375 0.02109375 0.05
0 0.24765625 0.365625 0.02734375 0.05
0 0.49921875 0.18125 0.02578125 0.04765625
0 0.46171875 0.1421875 0.02421875 0.03671875
0 0.43359375 0.10625 0.0359375 0.03515625
0 0.51015625 0.09765625 0.03828125 0.046875
0 0.64296875 0.2046875 0.03359375 0.04921875
0 0.6625 0.090625 0.03984375 0.0515625
0 0.05546875 0.71484375 0.0328125 0.0625
0 0.02265625 0.7125 0.0234375 0.0640625
1 0.29609375 0.63984375 0.03203125 0.0609375