1 0.00859375 0.434375 0.0171875 0.05078125
0 0.08203125 0.5 0.03359375 0.04140625
0 0.36640625 0.57890625 0.0328125 0.06171875
0 0.39140625 0.5671875 0.025 0.05234375
0 0.3921875 0.66640625 0.0203125 0.021875
0 0.52421875 0.5 0.04296875 0.07109375
0 0.546875 0.5015625 0.0375 0.0734375
0 0.58125 0.5796875 0.02109375 0.03671875
0 0.61328125 0.58984375 0.01796875 0.04609375
0 0.70546875 0.26875 0.0171875 0.03671875
0 0.6609375 0.16171875 0.02421875 0.04921875
0 0.7265625 0.565625 0.03359375 0.04296875
0 0.73828125 0.5859375 0.02890625 0.053125
0 0.91796875 0.6625 0.03671875 0.06953125
0 0.94765625 0.66875 0.03828125 0.04140625
0 0.7671875 0.8953125 0.0359375 0.05
0 0.94765625 0.91015625 0.0375 0.05