1 0.17265625 0.26328125 0.01796875 0.0265625
1 0.15 0.234375 0.01484375 0.0359375
1 0.421875 0.13515625 0.0203125 0.03671875
1 0.6703125 0.3046875 0.02578125 0.05
1 0.98046875 0.30390625 0.0171875 0.05234375
0 0.20078125 0.5015625 0.03203125 0.04375
0 0.27890625 0.3390625 0.01796875 0.04453125
0 0.26484375 0.36640625 0.02734375 0.03984375
0 0.54453125 0.56953125 0.02265625 0.046875
0 0.57265625 0.559375 0.028125 0.04140625
0 0.7796875 0.6671875 0.0265625 0.06484375
0 0.4546875 0.13203125 0.015625 0.034375
0 0.45546875 0.115625 0.021875 0.02265625
0 0.1875 0.90859375 0.05 0.071875
0 0.3171875 0.94140625 0.0515625 0.0796875
0 0.44921875 0.97109375 0.01875 0.04609375
0 0.47109375 0.975 0.0296875 0.05