0 0.2078125 0.55703125 0.0203125 0.04609375
0 0.23671875 0.5671875 0.01953125 0.034375
0 0.22578125 0.5828125 0.02109375 0.0359375
0 0.3109375 0.82890625 0.03046875 0.06171875
0 0.065625 0.44765625 0.0140625 0.0390625
0 0.04296875 0.45625 0.01953125 0.034375
0 0.2671875 0.34375 0.0203125 0.03359375
0 0.6296875 0.384375 0.02890625 0.046875
0 0.85546875 0.4171875 0.01953125 0.04140625
0 0.51484375 0.19296875 0.021875 0.03359375
1 0.15234375 0.2390625 0.01796875 0.03046875
1 0.9609375 0.4078125 0.02578125 0.0484375