0 0.04609375 0.59453125 0.02109375 0.04453125
0 0.02890625 0.59296875 0.01875 0.0390625
1 0.38984375 0.25390625 0.021875 0.03359375
0 0.503125 0.121875 0.0171875 0.03984375
0 0.5 0.37265625 0.01953125 0.03828125
0 0.51328125 0.35703125 0.021875 0.03984375
0 0.41328125 0.56328125 0.02578125 0.0484375
0 0.440625 0.5546875 0.02265625 0.046875
0 0.51484375 0.6640625 0.0265625 0.0421875
0 0.53125 0.64375 0.0359375 0.05
0 0.696875 0.5671875 0.02734375 0.05625
0 0.834375 0.6921875 0.02734375 0.04296875
0 0.91875 0.6265625 0.0265625 0.04921875
0 0.93203125 0.61953125 0.02265625 0.05703125