0 0.22890625 0.7171875 0.02890625 0.040625
0 0.24765625 0.72890625 0.02265625 0.03984375
0 0.20859375 0.4734375 0.01953125 0.04375
0 0.359375 0.49375 0.02734375 0.0421875
0 0.4875 0.5578125 0.01953125 0.03828125
0 0.67421875 0.6140625 0.0234375 0.0390625
0 0.509375 0.553125 0.0203125 0.0421875
0 0.55078125 0.128125 0.015625 0.0234375
0 0.69140625 0.61015625 0.01875 0.03984375
0 0.85390625 0.5484375 0.02421875 0.0421875
0 0.88125 0.5484375 0.01875 0.03359375
0 0.86953125 0.56171875 0.01875 0.034375
0 0.8359375 0.5671875 0.021875 0.04140625
0 0.89296875 0.70390625 0.03125 0.0484375
0 0.9203125 0.69609375 0.0296875 0.0515625