1 0.1609375 0.58125 0.03046875 0.04453125
1 0.13984375 0.59140625 0.02578125 0.0453125
0 0.08203125 0.4515625 0.0328125 0.03828125
0 0.4546875 0.09375 0.0140625 0.02109375
0 0.5046875 0.1171875 0.01328125 0.034375
0 0.4625 0.640625 0.02890625 0.04453125
0 0.48828125 0.63671875 0.03046875 0.0515625
0 0.68515625 0.5859375 0.02421875 0.05
0 0.6984375 0.72109375 0.0296875 0.04609375
0 0.71953125 0.7125 0.0265625 0.03984375
0 0.8703125 0.56484375 0.02421875 0.0515625
0 0.89921875 0.55234375 0.0234375 0.04921875
0 0.98671875 0.65234375 0.02578125 0.06328125