0 0.171875 0.7015625 0.0265625 0.05546875
0 0.20703125 0.70078125 0.025 0.04609375
0 0.39609375 0.71171875 0.034375 0.06484375
0 0.36484375 0.74453125 0.0296875 0.05546875
0 0.6546875 0.51171875 0.02578125 0.05703125
0 0.62109375 0.3671875 0.0234375 0.04140625
0 0.61796875 0.35390625 0.0203125 0.0375
0 0.56328125 0.1875 0.02109375 0.03515625
0 0.5296875 0.1421875 0.021875 0.03671875
0 0.5 0.1140625 0.01875 0.03984375
0 0.45859375 0.11953125 0.0171875 0.02734375
0 0.428125 0.075 0.0140625 0.02734375
0 0.19765625 0.24375 0.02421875 0.0421875
1 0.15859375 0.24375 0.025 0.05859375