0 0.24453125 0.6515625 0.03125 0.06328125
0 0.1375 0.50078125 0.03359375 0.04296875
0 0.059375 0.4234375 0.03046875 0.0421875
0 0.30546875 0.3484375 0.02734375 0.040625
0 0.36328125 0.57265625 0.02578125 0.03828125
0 0.39140625 0.553125 0.03359375 0.04609375
0 0.38984375 0.81015625 0.01875 0.06875
0 0.41796875 0.79609375 0.021875 0.05625
0 0.6453125 0.70546875 0.034375 0.05859375
0 0.87734375 0.61015625 0.0203125 0.04609375
0 0.65390625 0.1296875 0.0140625 0.0328125
1 0.4625 0.1296875 0.01875 0.02578125
0 0.4609375 0.12734375 0.021875 0.02734375
0 0.41953125 0.14921875 0.028125 0.05