0 0.071875 0.8546875 0.04296875 0.07578125
0 0.2890625 0.709375 0.02734375 0.0453125
0 0.30703125 0.72109375 0.02578125 0.065625
0 0.51328125 0.7171875 0.0296875 0.06875
0 0.665625 0.540625 0.025 0.05546875
0 0.6890625 0.5359375 0.03203125 0.0609375
1 0.9546875 0.6921875 0.021875 0.059375
1 0.471875 0.58671875 0.03515625 0.06640625
0 0.4421875 0.6125 0.0421875 0.05390625
0 0.35703125 0.525 0.0390625 0.0765625
0 0.25390625 0.38125 0.03671875 0.06953125
1 0.13984375 0.43671875 0.03828125 0.05859375
1 0.23125 0.2578125 0.034375 0.02890625