0 0.0453125 0.61015625 0.028125 0.03984375
0 0.10859375 0.54609375 0.0234375 0.05859375
0 0.07578125 0.62109375 0.0265625 0.0484375
0 0.2953125 0.515625 0.02890625 0.0390625
0 0.33046875 0.51328125 0.02890625 0.05078125
0 0.3640625 0.61171875 0.021875 0.07265625
0 0.56640625 0.48515625 0.02421875 0.0671875
0 0.5984375 0.490625 0.0171875 0.04921875
0 0.71328125 0.58359375 0.02109375 0.05546875
0 0.734375 0.6015625 0.01953125 0.0625
0 0.8046875 0.68125 0.02421875 0.08671875
0 0.45703125 0.11875 0.02265625 0.0375
0 0.503125 0.07421875 0.0203125 0.03046875