0 0.36796875 0.4609375 0.0234375 0.0515625
0 0.65234375 0.52890625 0.02265625 0.0359375
0 0.8953125 0.61171875 0.0234375 0.05703125
0 0.78984375 0.71953125 0.03828125 0.06484375
0 0.66875 0.6453125 0.0265625 0.05
0 0.34140625 0.48203125 0.03671875 0.06328125
0 0.3578125 0.55390625 0.02265625 0.05546875
0 0.33203125 0.56328125 0.028125 0.06328125
0 0.07734375 0.475 0.02890625 0.0640625
0 0.06796875 0.91953125 0.0234375 0.06953125
0 0.446875 0.090625 0.01640625 0.0375
0 0.42109375 0.071875 0.0140625 0.03828125